
 REAL PART

 SET :   1
 0.71818    
 0.89818    
 0.97862    
 0.98815    
 0.96523    
 0.93257    
 0.88860    
 0.82777    
 0.76038    
 0.67255    
 0.54269    

 SET :   2
  1.0000    
 0.99362    
 0.69458    
 0.30385    
-8.44042E-02
-0.41405    
-0.64558    
-0.75778    
-0.78336    
-0.73467    
-0.58650    

 SET :   3
 0.63407    
 0.28954    
-0.26112    
-0.67752    
-0.78843    
-0.57242    
-0.16235    
 0.26481    
 0.58337    
 0.71827    
 0.63097    

 SET :   4
 0.35054    
-8.93578E-02
-0.45594    
-0.37172    
 6.97100E-02
 0.50545    
 0.63730    
 0.37325    
-0.13018    
-0.55269    
-0.62745    

 SET :   5
 0.12270    
-0.16613    
-0.24522    
 0.11125    
 0.40786    
 0.22411    
-0.27228    
-0.54958    
-0.27411    
 0.29496    
 0.55443    

 SET :   6
 3.49273E-02
 3.25403E-02
 1.37499E-02
-0.21870    
-5.89426E-02
 0.33523    
 0.22142    
-0.30612    
-0.42952    
 5.57489E-02
 0.42089    

 SET :   7
-1.49750E-02
-6.24276E-02
 0.17218    
 1.26972E-02
-0.30507    
 1.69827E-02
 0.37814    
 1.37121E-02
-0.39059    
-9.54808E-02
 0.32747    

 SET :   8
-3.14387E-02
 0.12435    
-0.25419    
 0.25350    
 2.64270E-02
-0.33484    
 0.17973    
 0.26450    
-0.26962    
-0.21025    
 0.30016    

 SET :   9
 6.57275E-03
-4.66782E-02
 0.15157    
-0.28565    
 0.30676    
-0.11621    
-0.18604    
 0.30771    
-8.41475E-02
-0.25964    
 0.24330    

 SET :  10
-4.06595E-03
 1.59369E-02
-4.95002E-02
 0.11621    
-0.22039    
 0.30795    
-0.28913    
 0.11538    
 0.13523    
-0.29500    
 0.19250    

 SET :  11
-1.13595E-03
 6.32796E-03
-1.63700E-02
 3.03821E-02
-5.31173E-02
 0.10089    
-0.17480    
 0.25251    
-0.28695    
 0.25022    
-0.12135    

 IMAGINARY PART

 SET :   1
-0.36396    
-0.36455    
-0.29461    
-0.21633    
-0.15575    
-0.11545    
-8.33197E-02
-5.91245E-02
-2.94718E-02
-6.99380E-03
-4.44155E-16

 SET :   2
-0.71751    
-0.51255    
-0.25245    
-5.03965E-02
 8.28612E-02
 0.13641    
 0.13103    
 9.89152E-02
 5.96553E-02
 1.91498E-02
 7.27364E-16

 SET :   3
-0.75095    
-0.24309    
 0.21648    
 0.39133    
 0.31838    
 0.13455    
-2.91403E-02
-0.10778    
-9.84692E-02
-4.75727E-02
-8.78679E-16

 SET :   4
-0.68947    
 0.15249    
 0.51828    
 0.29461    
-7.67843E-02
-0.26324    
-0.21040    
-4.64638E-02
 6.22152E-02
 6.04462E-02
 1.49291E-15

 SET :   5
-0.52830    
 0.47953    
 0.38224    
-0.20548    
-0.37058    
-9.17503E-02
 0.16297    
 0.16053    
 1.26481E-02
-4.53350E-02
 1.15194E-15

 SET :   6
 0.32974    
-0.58803    
 5.95279E-02
 0.46882    
 2.10618E-02
-0.34266    
-0.12149    
 0.15801    
 9.39243E-02
-3.58752E-02
 2.61441E-15

 SET :   7
-0.17409    
 0.46967    
-0.42147    
-0.12385    
 0.35444    
 4.63084E-02
-0.21185    
-5.18195E-02
 8.59802E-02
 2.77020E-02
-1.54474E-15

 SET :   8
 7.63382E-02
-0.23866    
 0.37048    
-0.26938    
-5.01099E-02
 0.21890    
-6.65687E-02
-9.11575E-02
 2.87384E-02
 2.92402E-02
 1.58432E-15

 SET :   9
-1.86070E-02
 7.93654E-02
-0.18038    
 0.25536    
-0.21520    
 5.84017E-02
 8.87354E-02
-9.95151E-02
 8.47307E-03
 2.32049E-02
 3.52290E-15

 SET :  10
 2.97685E-03
-1.37651E-02
 4.23090E-02
-8.56332E-02
 0.12499    
-0.12966    
 8.15312E-02
-1.09400E-02
-3.78363E-02
 2.72519E-02
-2.08685E-15

 SET :  11
 4.97148E-04
-2.30044E-03
 3.57762E-03
-8.62279E-03
 1.72241E-02
-2.90933E-02
 4.17610E-02
-4.40963E-02
 3.34684E-02
-1.41209E-02
 3.82187E-15
 AMPLITUDE

 SET :   1
 0.65417    
 0.78758    
 0.83037    
 0.82188    
 0.79438    
 0.76349    
 0.72515    
 0.67427    
 0.61826    
 0.54647    
 0.44094    

 SET :   2
  1.0000    
 0.90839    
 0.60046    
 0.25024    
 9.61012E-02
 0.35420    
 0.53522    
 0.62092    
 0.63831    
 0.59712    
 0.47653    

 SET :   3
 0.79855    
 0.30716    
 0.27559    
 0.63570    
 0.69085    
 0.47777    
 0.13401    
 0.23229    
 0.48069    
 0.58487    
 0.51266    

 SET :   4
 0.62843    
 0.14360    
 0.56085    
 0.38538    
 8.42619E-02
 0.46303    
 0.54529    
 0.30560    
 0.11723    
 0.45173    
 0.50980    

 SET :   5
 0.44067    
 0.41233    
 0.36899    
 0.18985    
 0.44774    
 0.19676    
 0.25782    
 0.46518    
 0.22295    
 0.24247    
 0.45047    

 SET :   6
 0.26941    
 0.47850    
 4.96394E-02
 0.42032    
 5.08560E-02
 0.38948    
 0.20521    
 0.27990    
 0.35723    
 5.38639E-02
 0.34197    

 SET :   7
 0.14197    
 0.38496    
 0.36991    
 0.10116    
 0.37996    
 4.00756E-02
 0.35216    
 4.35520E-02
 0.32495    
 8.07766E-02
 0.26606    

 SET :   8
 6.70782E-02
 0.21865    
 0.36505    
 0.30054    
 4.60289E-02
 0.32503    
 0.15572    
 0.22731    
 0.22030    
 0.17247    
 0.24388    

 SET :   9
 1.60335E-02
 7.48099E-02
 0.19143    
 0.31131    
 0.30446    
 0.10567    
 0.16747    
 0.26276    
 6.87150E-02
 0.21180    
 0.19768    

 SET :  10
 4.09432E-03
 1.71099E-02
 5.29077E-02
 0.11729    
 0.20586    
 0.27148    
 0.24408    
 9.41647E-02
 0.11409    
 0.24071    
 0.15641    

 SET :  11
 1.00747E-03
 5.47062E-03
 1.36144E-02
 2.56601E-02
 4.53697E-02
 8.53121E-02
 0.14602    
 0.20827    
 0.23473    
 0.20362    
 9.85962E-02
