    hr/mon  jan     feb     mar     apr     may     jun     jul     aug     sep     oct     nov     dec
       0    0.00    0.00    0.00    0.00    0.00    0.00    0.00    0.00    0.00    0.00    0.00    0.00
       0    0.00    0.00    0.00    0.00    0.00    0.00    0.00    0.00    0.00    0.00    0.00    0.00
       6    3.27    3.11    3.39    3.87    3.85    3.57    3.45    4.06    4.22    4.75    4.98    3.49
      12    4.30    4.21    4.41    4.88    4.90    4.68    4.52    5.15    5.10    5.69    5.90    4.52
      18    5.33    5.30    5.43    5.90    5.96    5.78    5.58    6.23    5.98    6.63    6.82    5.54
      24    6.36    6.40    6.45    6.92    7.01    6.89    6.65    7.31    6.86    7.57    7.74    6.57
      30    7.39    7.50    7.46    7.93    8.07    7.99    7.71    8.39    7.74    8.50    8.66    7.59
      36    8.42    8.60    8.48    8.95    9.12    9.09    8.77    9.48    8.62    9.44    9.58    8.62
      42    9.45    9.69    9.50    9.96   10.18   10.20    9.84   10.56    9.50   10.38   10.50    9.64
      48   10.48   10.79   10.52   10.98   11.23   11.30   10.90   11.64   10.39   11.32   11.42   10.67
      54   11.09   11.49   11.23   11.75   12.09   12.32   11.90   12.48   11.14   11.87   12.02   11.42
      60   11.71   12.18   11.94   12.52   12.96   13.33   12.90   13.31   11.89   12.43   12.62   12.17
      66   12.33   12.88   12.65   13.29   13.82   14.35   13.89   14.15   12.64   12.98   13.22   12.92
      72   12.95   13.57   13.36   14.07   14.69   15.36   14.89   14.99   13.39   13.54   13.83   13.67
      78   13.78   14.53   14.22   15.23   15.69   16.68   16.05   16.08   14.61   14.46   14.67   14.69
      84   14.62   15.49   15.07   16.39   16.70   18.00   17.21   17.17   15.83   15.38   15.51   15.72
      90   15.46   16.44   15.93   17.55   17.71   19.32   18.37   18.26   17.05   16.30   16.35   16.74
      96   16.30   17.40   16.78   18.71   18.72   20.64   19.53   19.36   18.27   17.22   17.19   17.77
     102   17.24   18.62   17.90   20.04   19.89   22.00   20.76   20.57   19.46   18.19   18.00   18.88
     108   18.17   19.85   19.02   21.38   21.05   23.36   22.00   21.78   20.66   19.16   18.81   19.99
     114   19.11   21.07   20.14   22.71   22.22   24.72   23.23   22.99   21.85   20.13   19.62   21.10
     120   20.04   22.30   21.27   24.05   23.39   26.09   24.47   24.20   23.05   21.11   20.43   22.21
     126   20.98   23.37   22.35   25.43   24.43   27.06   25.38   25.40   24.27   22.21   21.28   23.34
     132   21.92   24.45   23.44   26.81   25.47   28.03   26.29   26.60   25.49   23.31   22.12   24.46
     138   22.85   25.52   24.52   28.19   26.51   29.00   27.20   27.80   26.71   24.41   22.97   25.59
     144   23.79   26.60   25.61   29.58   27.56   29.98   28.11   29.01   27.94   25.51   23.81   26.72
     150   24.44   27.31   26.35   30.56   28.57   30.75   29.10   30.08   28.87   26.40   24.50   27.29
     156   25.09   28.01   27.10   31.55   29.58   31.52   30.10   31.16   29.81   27.30   25.19   27.87
     162   25.74   28.72   27.85   32.53   30.59   32.29   31.09   32.23   30.74   28.19   25.88   28.44
     168   26.40   29.42   28.60   33.52   31.60   33.06   32.08   33.31   31.68   29.09   26.58   29.02
     174   27.05   30.13   29.35   34.51   32.61   33.83   33.07   34.39   32.61   29.99   27.27   29.59
     180   27.70   30.83   30.10   35.49   33.62   34.60   34.07   35.46   33.55   30.88   27.96   30.17
     186   28.35   31.54   30.85   36.48   34.63   35.37   35.06   36.54   34.48   31.78   28.65   30.74
     192   29.00   32.24   31.60   37.47   35.65   36.15   36.05   37.62   35.42   32.68   29.34   31.32
     198   29.65   32.95   32.34   38.45   36.66   36.92   37.04   38.69   36.35   33.57   30.03   31.89
     204   30.30   33.65   33.09   39.44   37.67   37.69   38.04   39.77   37.29   34.47   30.72   32.47
     210   30.95   34.36   33.84   40.42   38.68   38.46   39.03   40.84   38.22   35.36   31.41   33.04
     216   31.61   35.06   34.59   41.41   39.69   39.23   40.02   41.92   39.16   36.26   32.11   33.62
     222   32.26   35.77   35.34   42.40   40.70   40.00   41.01   43.00   40.09   37.16   32.80   34.19
     228   32.91   36.47   36.09   43.38   41.71   40.77   42.01   44.07   41.03   38.05   33.49   34.77
     234   33.56   37.18   36.84   44.37   42.72   41.54   43.00   45.15   41.96   38.95   34.18   35.34
     240   34.21   37.88   37.59   45.36   43.74   42.32   43.99   46.23   42.90   39.85   34.87   35.92
     246   34.86   38.59   38.33   46.34   44.75   43.09   44.98   47.30   43.83   40.74   35.56   36.49
     252   35.51   39.29   39.08   47.33   45.76   43.86   45.98   48.38   44.77   41.64   36.25   37.07
     258   36.16   40.00   39.83   48.31   46.77   44.63   46.97   49.45   45.70   42.53   36.94   37.64
     264   36.82   40.70   40.58   49.30   47.78   45.40   47.96   50.53   46.64   43.43   37.64   38.22
     270   37.47   41.41   41.33   50.29   48.79   46.17   48.95   51.61   47.57   44.33   38.33   38.79
     276   38.12   42.11   42.08   51.27   49.80   46.94   49.95   52.68   48.51   45.22   39.02   39.37
     282   38.77   42.82   42.83   52.26   50.81   47.71   50.94   53.76   49.44   46.12   39.71   39.94
     288   39.42   43.52   43.58   53.25   51.83   48.49   51.93   54.84   50.38   47.02   40.40   40.52
     294   40.07   44.23   44.32   54.23   52.84   49.26   52.92   55.91   51.31   47.91   41.09   41.09
     300   40.72   44.93   45.07   55.22   53.85   50.03   53.92   56.99   52.25   48.81   41.78   41.67
     306   41.37   45.64   45.82   56.20   54.86   50.80   54.91   58.06   53.18   49.70   42.47   42.24
     312   42.03   46.34   46.57   57.19   55.87   51.57   55.90   59.14   54.12   50.60   43.17   42.82
     318   42.68   47.05   47.32   58.18   56.88   52.34   56.89   60.22   55.05   51.50   43.86   43.39
     324   43.33   47.75   48.07   59.16   57.89   53.11   57.89   61.29   55.99   52.39   44.55   43.97
     330   43.98   48.46   48.82   60.15   58.90   53.88   58.88   62.37   56.92   53.29   45.24   44.54
     336   44.63   49.16   49.57   61.14   59.92   54.66   59.87   63.45   57.86   54.19   45.93   45.12
     342   45.28   49.87   50.31   62.12   60.93   55.43   60.86   64.52   58.79   55.08   46.62   45.69
     348   45.93   50.57   51.06   63.11   61.94   56.20   61.86   65.60   59.73   55.98   47.31   46.27
     354   46.58   51.28   51.81   64.09   62.95   56.97   62.85   66.67   60.66   56.87   48.00   46.84
     360   47.24   51.98   52.56   65.08   63.96   57.74   63.84   67.75   61.60   57.77   48.70   47.42
