
 SET :   1
-0.97226    
-0.83918    
-0.72746    
-0.66129    
-0.60514    
-0.55632    
-0.51743    
-0.46324    
-0.41510    
-0.36750    
-0.31380    

 SET :   2
  1.0000    
 0.52311    
 0.11442    
-0.17249    
-0.35217    
-0.44632    
-0.48243    
-0.46746    
-0.45082    
-0.42180    
-0.35274    

 SET :   3
-0.56760    
 0.17418    
 0.55246    
 0.54789    
 0.36674    
 9.59147E-02
-0.13986    
-0.30303    
-0.39657    
-0.41102    
-0.33586    

 SET :   4
-0.37937    
 0.45304    
 0.41321    
-4.31101E-02
-0.37440    
-0.43962    
-0.28193    
-3.13283E-02
 0.23615    
 0.39870    
 0.33001    

 SET :   5
 0.24824    
-0.52679    
 2.59396E-02
 0.43238    
 0.22248    
-0.18549    
-0.39926    
-0.30212    
 2.47789E-02
 0.28798    
 0.30244    

 SET :   6
 0.11531    
-0.41581    
 0.41490    
 0.18251    
-0.34588    
-0.29043    
 0.18357    
 0.39543    
 0.12086    
-0.20333    
-0.21804    

 SET :   7
 4.98623E-02
-0.20001    
 0.37560    
-0.24312    
-0.25452    
 0.31447    
 0.26981    
-0.28679    
-0.37232    
 9.12173E-02
 0.31950    

 SET :   8
-3.63471E-02
 0.15251    
-0.34254    
 0.44847    
-0.23538    
-0.20146    
 0.31649    
 3.94503E-02
-0.31688    
-5.73862E-02
 0.27112    

 SET :   9
 1.64920E-03
-1.65975E-02
 9.02989E-02
-0.25174    
 0.37026    
-0.28341    
-3.63470E-02
 0.30004    
-0.26185    
-0.16732    
 0.30821    

 SET :  10
 5.64901E-03
-1.14828E-02
 2.49608E-02
-7.99126E-02
 0.18406    
-0.29241    
 0.32458    
-0.17930    
-5.43078E-02
 0.28300    
-0.24292    

 SET :  11
 1.28629E-03
 2.52606E-04
-1.18443E-02
 3.09931E-02
-5.22517E-02
 9.71805E-02
-0.16006    
 0.24294    
-0.28761    
 0.28619    
-0.16344    
