    hr/mon  jan     feb     mar     apr     may     jun     jul     aug     sep     oct     nov     dec
       0    0.00    0.00    0.00    0.00    0.00    0.00    0.00    0.00    0.00    0.00    0.00    0.00
       0    0.00    0.00    0.00    0.00    0.00    0.00    0.00    0.00    0.00    0.00    0.00    0.00
       6    2.09    1.24    1.48    2.71    3.24    3.00    4.08    3.19    2.56    2.26    3.61    1.74
      12    3.96    3.38    3.52    4.58    5.10    4.96    6.09    5.17    4.38    4.24    5.39    3.76
      18    4.90    4.44    4.53    5.51    6.02    5.94    7.09    6.16    5.29    5.24    6.28    4.78
      24    5.84    5.51    5.55    6.45    6.95    6.92    8.10    7.15    6.20    6.23    7.17    5.79
      30    6.78    6.58    6.57    7.38    7.88    7.89    9.11    8.14    7.11    7.22    8.05    6.80
      36    7.72    7.65    7.59    8.32    8.81    8.87   10.11    9.13    8.02    8.22    8.94    7.82
      42    8.66    8.71    8.60    9.25    9.73    9.85   11.12   10.12    8.93    9.21    9.83    8.83
      48    9.60    9.78    9.62   10.19   10.66   10.83   12.13   11.11    9.84   10.21   10.72    9.85
      54   10.46   10.75   10.53   11.19   11.65   11.89   13.22   12.16   10.84   11.13   11.54   10.80
      60   11.33   11.71   11.45   12.19   12.64   12.95   14.31   13.22   11.84   12.05   12.36   11.80
      66   12.19   12.68   12.36   13.19   13.63   14.01   15.40   14.28   12.84   12.97   13.18   12.80
      72   13.06   13.65   13.28   14.19   14.62   15.07   16.49   15.34   13.84   13.89   14.00   13.80
      78   13.86   14.49   14.11   15.26   15.67   16.25   17.50   16.44   14.91   14.72   14.82   14.80
      84   14.66   15.34   14.95   16.33   16.73   17.42   18.52   17.53   15.99   15.54   15.64   15.70
      88   15.46   16.19   15.79   17.41   17.78   18.60   19.53   18.63   17.07   16.37   16.46   16.70
      96   16.27   17.04   16.63   18.48   18.84   19.78   20.54   19.73   18.15   17.20   17.28   17.60
     102   17.19   18.10   17.67   19.78   19.98   21.05   21.80   20.99   19.41   18.09   18.18   18.70
     108   18.11   19.16   18.72   21.08   21.11   22.33   23.06   22.26   20.67   18.99   19.07   19.80
     114   19.03   20.22   19.77   22.38   22.25   23.60   24.32   23.52   21.93   19.89   19.97   20.90
     120   19.96   21.28   20.82   23.69   23.39   24.88   25.59   24.79   23.20   20.79   20.86   22.00
     126   20.86   22.40   21.94   25.09   24.38   26.00   26.77   26.13   24.48   21.76   21.71   23.10
     132   21.76   23.53   23.06   26.50   25.37   27.13   27.95   27.48   25.76   22.73   22.56   24.20
     138   22.66   24.66   24.18   27.91   26.36   28.25   29.14   28.82   27.04   23.70   23.41   25.30
     144   23.57   25.79   25.31   29.32   27.35   29.38   30.32   30.17   28.33   24.68   24.27   26.40
     150   24.32   26.65   26.32   30.24   28.32   30.23   31.47   31.40   29.35   25.76   25.10   27.20
     156   25.08   27.52   27.33   31.17   29.30   31.09   32.61   32.64   30.38   26.84   25.94   28.10
     162   25.83   28.38   28.34   32.09   30.27   31.95   33.76   33.88   31.40   27.92   26.77   28.90
     168   26.59   29.25   29.35   33.02   31.25   32.81   34.91   35.12   32.43   29.00   27.61   29.80
     174   27.35   30.11   30.36   33.94   32.23   33.66   36.05   36.36   33.46   30.08   28.45   30.70
     180   28.10   30.97   31.37   34.87   33.20   34.52   37.20   37.60   34.48   31.16   29.28   31.50
     186   28.86   31.84   32.38   35.79   34.18   35.38   38.34   38.84   35.51   32.24   30.12   32.40
     192   29.62   32.70   33.39   36.72   35.16   36.24   39.49   40.08   36.54   33.32   30.96   33.20
     198   30.37   33.56   34.40   37.64   36.13   37.09   40.64   41.31   37.56   34.40   31.79   34.10
     204   31.13   34.43   35.41   38.57   37.11   37.95   41.78   42.55   38.59   35.48   32.63   35.00
     210   31.88   35.29   36.42   39.49   38.08   38.81   42.93   43.79   39.61   36.56   33.46   35.80
     216   32.64   36.16   37.43   40.42   39.06   39.67   44.08   45.03   40.64   37.64   34.30   36.70
     222   33.40   37.02   38.44   41.34   40.04   40.52   45.22   46.27   41.67   38.72   35.14   37.50
     228   34.15   37.88   39.45   42.27   41.01   41.38   46.37   47.51   42.69   39.80   35.97   38.40
     234   34.91   38.75   40.46   43.19   41.99   42.24   47.51   48.75   43.72   40.88   36.81   39.30
     240   35.67   39.61   41.47   44.12   42.97   43.10   48.66   49.99   44.75   41.96   37.65   40.10
     246   36.42   40.47   42.48   45.04   43.94   43.95   49.81   51.22   45.77   43.04   38.48   41.00
     252   37.18   41.34   43.49   45.97   44.92   44.81   50.95   52.46   46.80   44.12   39.32   41.80
     258   37.93   42.20   44.50   46.89   45.89   45.67   52.10   53.70   47.82   45.20   40.15   42.70
     264   38.69   43.07   45.51   47.82   46.87   46.53   53.25   54.94   48.85   46.28   40.99   43.50
     270   39.45   43.93   46.52   48.74   47.85   47.38   54.39   56.18   49.88   47.36   41.83   44.40
     276   40.20   44.79   47.53   49.67   48.82   48.24   55.54   57.42   50.90   48.44   42.66   45.30
     282   40.96   45.66   48.54   50.59   49.80   49.10   56.68   58.66   51.93   49.52   43.50   46.10
     288   41.72   46.52   49.55   51.52   50.78   49.96   57.83   59.90   52.96   50.60   44.34   47.00
     294   42.47   47.38   50.56   52.44   51.75   50.81   58.98   61.13   53.98   51.68   45.17   47.80
     300   43.23   48.25   51.57   53.37   52.73   51.67   60.12   62.37   55.01   52.76   46.01   48.70
     306   43.98   49.11   52.58   54.29   53.70   52.53   61.27   63.61   56.03   53.84   46.84   49.60
     312   44.74   49.98   53.59   55.22   54.68   53.39   62.42   64.85   57.06   54.92   47.68   50.40
     318   45.50   50.84   54.60   56.14   55.66   54.24   63.56   66.09   58.09   56.00   48.52   51.30
     324   46.25   51.70   55.61   57.07   56.63   55.10   64.71   67.33   59.11   57.08   49.35   52.10
     330   47.01   52.57   56.62   57.99   57.61   55.96   65.85   68.57   60.14   58.16   50.19   53.00
     336   47.77   53.43   57.63   58.92   58.59   56.81   67.00   69.81   61.17   59.24   51.03   53.90
     342   48.52   54.29   58.64   59.84   59.56   57.67   68.15   71.04   62.19   60.32   51.86   54.70
     348   49.28   55.16   59.65   60.77   60.54   58.53   69.29   72.28   63.22   61.40   52.70   55.60
     354   50.03   56.02   60.66   61.69   61.51   59.39   70.44   73.52   64.24   62.48   53.53   56.40
     360   50.79   56.89   61.67   62.62   62.49   60.24   71.59   74.76   65.27   63.55   54.37   57.30
