    hr/mon  jan     feb     mar     apr     may     jun     jul     aug     sep     oct     nov     dec
       0    0.00    0.00    0.00    0.00    0.00    0.00    0.00    0.00    0.00    0.00    0.00    0.00
       0    0.00    0.00    0.00    0.00    0.00    0.00    0.00    0.00    0.00    0.00    0.00    0.00
       6    4.03    3.99    4.00    4.16    4.40    4.40    4.38    4.38    4.27    4.34    4.15    4.06
      12    8.05    7.97    7.99    8.30    8.79    8.79    8.75    8.75    8.53    8.67    8.29    8.10
      18    9.28    9.33    9.32    9.48   10.15   10.25   10.27   10.07    9.61    9.55    9.22    9.20
      24   10.50   10.69   10.64   10.66   11.51   11.71   11.79   11.38   10.69   10.43   10.15   10.29
      30   11.66   11.93   11.91   11.87   13.00   13.35   13.66   12.86   12.03   12.06   11.56   11.50
      36   12.81   13.16   13.18   13.08   14.50   14.99   15.53   14.33   13.37   13.68   12.95   12.71
      42   14.33   14.49   14.69   14.84   16.12   16.61   17.22   16.11   15.38   15.73   14.80   14.44
      48   15.84   15.81   16.19   16.61   17.73   18.22   18.91   17.88   17.39   17.79   16.65   16.16
      54   18.47   18.27   18.96   19.41   20.50   20.20   21.21   20.28   20.10   20.39   19.57   18.90
      60   21.09   20.73   21.72   22.20   23.25   22.18   23.50   22.66   22.80   22.98   22.48   21.64
      66   22.24   21.79   23.24   23.20   24.67   23.90   25.64   24.57   24.62   24.53   23.62   22.72
      72   23.39   22.85   24.75   24.19   26.09   25.62   27.77   26.47   26.43   26.08   24.74   23.79
      78   25.16   24.67   27.31   27.38   29.08   28.50   30.99   29.91   29.66   28.63   27.02   25.76
      84   26.92   26.50   29.86   30.56   32.07   31.38   34.20   33.33   32.88   31.18   29.28   27.72
      90   27.98   27.48   31.13   32.06   33.61   32.96   35.75   34.59   34.14   32.68   30.65   28.67
      96   29.03   28.46   32.40   33.56   35.15   34.53   37.29   35.85   35.39   34.18   32.01   29.61
     102   30.47   30.03   34.08   35.60   37.07   36.62   40.32   38.86   37.93   35.99   33.18   30.85
     108   31.92   31.59   35.76   37.64   38.99   38.71   43.35   41.86   40.46   37.79   34.34   32.09
     114   32.92   32.99   37.53   39.36   40.69   41.09   45.44   44.81   42.34   39.67   35.80   33.06
     120   33.92   34.37   39.29   41.08   42.39   43.46   47.53   47.75   44.22   41.55   37.26   34.02
     126   35.52   36.46   41.19   43.61   45.07   46.02   49.99   50.52   46.78   43.87   38.94   36.04
     132   37.11   38.53   43.07   46.13   47.73   48.57   52.44   53.27   49.34   46.17   40.62   38.04
     138   38.59   40.45   45.31   49.03   49.93   50.67   54.49   55.82   51.64   48.20   42.64   40.25
     144   40.06   42.35   47.53   51.91   52.12   52.77   56.55   58.35   53.94   50.22   44.66   42.45
     150   41.97   44.24   49.56   54.41   55.41   56.14   59.26   61.71   57.23   53.30   46.80   44.71
     156   43.86   46.11   51.59   56.89   58.70   59.49   61.95   65.05   60.51   56.36   48.94   46.97
     162   45.16   47.64   53.48   58.47   60.54   60.53   63.58   66.23   62.32   57.04   50.43   48.23
     168   46.45   49.16   55.36   60.04   62.37   61.57   65.21   67.40   64.12   57.72   51.90   49.50
     174   48.02   50.20   56.21   62.57   64.79   64.62   67.68   69.18   66.61   60.19   53.68   51.22
     180   49.59   51.25   57.06   65.10   67.19   67.65   70.13   70.96   69.09   62.65   55.45   52.94
     186   50.65   52.33   57.71   64.91   68.71   67.73   71.04   71.14   70.05   62.73   55.93   53.69
     192   51.72   53.40   58.35   64.73   70.22   67.80   71.95   71.32   71.01   62.81   56.41   54.43
     198   53.02   54.11   58.80   65.98   70.93   70.45   74.15   72.73   72.73   65.41   58.37   55.92
     204   54.33   54.81   59.25   67.23   71.63   73.10   76.35   74.13   74.45   68.00   60.33   57.40
     210   55.27   56.07   59.99   66.86   72.23   72.74   76.48   74.59   75.40   68.04   60.81   58.33
     216   56.21   57.33   60.73   66.49   72.82   72.38   76.60   75.05   76.35   68.07   61.28   59.26
     222   56.85   57.96   61.62   67.40   73.94   74.55   78.86   75.77   77.58   70.36   63.00   60.35
     228   57.49   58.59   62.50   68.30   75.05   76.72   81.10   76.49   78.81   72.65   64.71   61.44
     234   58.66   59.84   63.77   69.11   75.18   77.08   81.62   77.17   79.46   72.56   65.54   62.16
     240   59.82   61.08   65.03   69.91   75.32   77.45   82.13   77.83   80.10   72.47   66.36   62.87
     246   60.07   62.07   65.60   70.90   77.21   79.58   84.14   79.18   81.62   74.34   67.26   64.25
     252   60.32   63.05   66.17   71.89   79.11   81.70   86.14   80.53   83.14   76.21   68.15   65.63
     258   61.71   63.96   67.28   72.22   78.98   81.64   87.61   80.71   83.77   75.87   68.27   65.25
     264   63.10   64.87   68.39   72.55   78.85   81.57   89.08   80.90   84.39   75.54   68.40   64.88
     270   61.99   64.76   67.88   73.63   80.07   84.65   89.89   81.77   85.46   76.93   69.08   65.58
     276   60.89   64.64   67.36   74.70   81.28   87.72   90.70   82.64   86.52   78.32   69.77   66.28
     282   61.97   65.28   67.76   73.96   80.51   86.70   91.82   83.09   87.05   78.18   69.88   66.04
     288   63.05   65.92   68.15   73.22   79.73   85.69   92.94   83.54   87.58   78.04   69.98   65.80
     294   61.77   66.52   68.57   74.92   80.66   88.23   92.55   84.12   87.98   78.76   70.31   66.34
     300   60.50   67.12   68.99   76.62   81.59   90.76   92.15   84.70   88.38   79.47   70.65   66.88
     306   61.92   67.07   69.58   75.73   81.95   89.52   92.61   85.84   88.44   79.71   70.56   66.79
     312   63.34   67.01   70.17   74.85   82.30   88.27   93.07   86.98   88.50   79.96   70.46   66.69
     318   62.98   68.68   70.41   76.75   82.48   90.89   93.28   87.01   88.91   80.56   72.35   67.27
     324   62.61   70.33   70.65   78.64   82.65   93.50   93.50   87.04   89.32   81.15   74.22   67.85
     330   63.13   69.30   70.94   77.72   83.37   91.38   92.67   87.67   89.09   81.78   73.39   67.78
     336   63.65   68.27   71.22   76.80   84.08   89.27   91.83   88.30   88.87   82.40   72.57   67.71
     342   64.05   69.53   71.58   77.67   83.82   91.92   92.95   88.43   90.09   82.40   73.73   68.78
     348   64.46   70.78   71.93   78.55   83.57   94.57   94.06   88.57   91.31   82.40   74.88   69.85
     354   64.43   70.58   71.59   78.13   84.06   92.40   93.16   89.00   91.15   82.77   74.35   69.63
     360   64.41   70.38   71.25   77.72   84.54   90.25   92.26   89.43   90.99   83.15   73.81   69.41
