    hr/mon  jan     feb     mar     apr     may     jun     jul     aug     sep     oct     nov     dec
       0    0.00    0.00    0.00    0.00    0.00    0.00    0.00    0.00    0.00    0.00    0.00    0.00
       0    0.00    0.00    0.00    0.00    0.00    0.00    0.00    0.00    0.00    0.00    0.00    0.00
       6    4.87    4.84    4.94    5.07    4.93    4.84    4.90    4.76    4.90    5.03    4.98    5.02
      12    9.73    9.65    9.87   10.13    9.85    9.66    9.78    9.50    9.78   10.04    9.94   10.02
      18   10.49   10.49   10.61   10.72   10.62   10.48   10.71   10.32   10.53   11.14   11.11   10.97
      24   11.25   11.32   11.35   11.31   11.39   11.30   11.63   11.14   11.27   12.24   12.27   11.92
      30   12.71   12.77   12.85   12.93   13.18   13.10   13.58   13.42   13.38   13.99   13.56   13.35
      36   14.17   14.21   14.35   14.54   14.95   14.91   15.52   15.70   15.49   15.73   14.85   14.77
      42   15.90   15.79   15.91   16.30   16.84   16.55   17.23   17.10   17.20   17.77   17.10   16.45
      48   17.63   17.35   17.46   18.04   18.71   18.18   18.93   18.49   18.91   19.79   19.34   18.11
      54   18.68   18.48   19.20   19.57   20.62   20.11   21.06   20.28   20.36   21.09   20.24   19.01
      60   19.74   19.61   20.94   21.09   22.51   22.03   23.17   22.06   21.79   22.38   21.13   19.91
      66   21.04   20.97   22.81   22.98   24.51   23.91   25.46   24.31   23.87   23.87   22.49   21.12
      72   22.33   22.32   24.68   24.86   26.50   25.78   27.75   26.55   25.95   25.35   23.85   22.32
      78   23.73   23.46   25.99   26.24   28.26   28.10   30.05   28.94   28.27   27.22   25.41   23.41
      84   25.12   24.60   27.30   27.62   30.01   30.41   32.35   31.32   30.59   29.08   26.97   24.50
      90   27.21   26.79   29.93   30.72   32.73   33.06   36.02   34.98   33.67   31.48   28.70   26.70
      96   29.29   28.97   32.56   33.81   35.43   35.71   39.67   38.63   36.74   33.88   30.42   28.88
     102   30.88   30.66   34.42   35.54   37.09   37.71   41.78   40.90   38.87   35.85   32.04   30.33
     108   32.47   32.36   36.28   37.26   38.75   39.71   43.88   43.17   40.99   37.80   33.65   31.78
     114   34.10   34.39   38.42   40.02   41.77   42.55   47.02   46.51   44.11   40.64   35.97   33.96
     120   35.73   36.43   40.56   42.77   44.77   45.37   50.14   49.83   47.22   43.47   38.29   36.12
     126   37.11   37.94   42.58   45.55   46.66   47.29   51.84   52.45   49.13   45.00   39.87   37.63
     132   38.49   39.46   44.59   48.33   48.54   49.20   53.53   55.05   51.02   46.54   41.45   39.12
     138   39.64   40.89   45.97   49.91   50.85   51.53   54.98   57.02   52.90   48.93   43.28   40.85
     144   40.79   42.31   47.34   51.49   53.15   53.86   56.42   58.99   54.77   51.31   45.11   42.58
     150   42.02   43.85   49.45   53.57   55.19   55.52   58.59   60.60   56.86   52.39   46.63   44.05
     156   43.24   45.37   51.56   55.64   57.22   57.17   60.76   62.20   58.94   53.46   48.13   45.52
     162   44.88   46.49   52.38   57.78   59.33   59.18   62.55   64.24   61.19   55.50   49.43   47.13
     168   46.52   47.61   53.19   59.90   61.42   61.17   64.34   66.26   63.43   57.53   50.73   48.74
     174   47.64   49.07   54.50   60.35   63.45   62.09   65.48   66.88   64.59   58.01   51.87   49.84
     180   48.76   50.53   55.81   60.80   65.47   63.01   66.61   67.50   65.75   58.49   53.01   50.93
     186   51.15   52.14   57.07   63.46   67.05   66.28   69.79   69.95   68.74   61.73   54.90   53.06
     192   53.53   53.76   58.32   66.12   68.63   69.54   72.95   72.40   71.72   64.96   56.78   55.18
     198   54.63   55.10   59.01   65.83   69.70   69.51   73.96   72.80   73.19   65.25   57.67   56.27
     204   55.73   56.43   59.69   65.55   70.76   69.48   74.98   73.19   74.66   65.54   58.55   57.36
     210   56.78   57.24   60.88   67.04   72.30   72.55   77.62   74.52   76.67   68.81   60.86   58.96
     216   57.83   58.04   62.07   68.52   73.84   75.61   80.26   75.85   78.67   72.07   63.17   60.55
     222   58.28   58.96   62.70   68.85   73.89   75.34   79.96   76.05   78.86   71.57   63.60   61.03
     228   58.73   59.89   63.34   69.17   73.93   75.08   79.65   76.25   79.04   71.07   64.02   61.51
     234   58.75   60.46   63.73   69.62   75.53   76.82   81.74   76.95   80.01   72.93   65.30   62.70
     240   58.78   61.04   64.13   70.06   77.13   78.55   83.81   77.64   80.97   74.79   66.58   63.89
     246   60.24   62.10   65.63   70.69   77.29   79.08   85.35   78.29   82.01   74.30   66.69   63.83
     252   61.69   63.15   67.12   71.31   77.45   79.61   86.88   78.93   83.04   73.82   66.80   63.78
     258   61.19   63.56   66.58   71.75   78.25   81.31   87.64   79.51   83.44   74.66   67.03   64.41
     264   60.68   63.97   66.03   72.19   79.05   83.01   88.40   80.10   83.83   75.50   67.26   65.03
     270   61.76   64.77   66.79   72.03   78.63   83.04   89.81   80.49   84.51   75.74   67.82   64.86
     276   62.84   65.57   67.55   71.88   78.20   83.07   91.21   80.87   85.19   75.98   68.38   64.69
     282   61.78   65.79   67.85   73.76   79.24   86.18   91.77   82.63   86.32   77.15   68.97   65.51
     288   60.73   66.01   68.14   75.64   80.27   89.29   92.33   84.38   87.44   78.32   69.55   66.34
     294   62.35   66.46   68.71   74.67   80.09   87.94   92.77   84.83   87.90   78.50   69.78   66.36
     300   63.96   66.91   69.28   73.71   79.91   86.59   93.21   85.28   88.35   78.68   70.01   66.38
     306   63.02   68.21   69.88   75.73   80.94   89.42   93.39   85.96   89.01   79.88   71.31   67.01
     312   62.10   69.50   70.49   77.74   81.98   92.25   93.57   86.64   89.66   81.08   72.60   67.65
     318   63.08   68.94   70.87   76.88   82.33   90.37   92.96   87.19   89.18   81.21   71.75   67.58
     324   64.06   68.37   71.26   76.02   82.68   88.50   92.34   87.74   88.71   81.33   70.91   67.50
     330   63.96   69.48   71.30   76.95   82.58   91.09   92.83   87.21   89.19   81.15   72.40   68.45
     336   63.85   70.59   71.34   77.88   82.48   93.67   93.32   86.68   89.67   80.97   73.89   69.40
     342   63.81   69.76   71.40   77.38   82.86   91.66   92.46   87.27   89.72   81.85   72.98   69.00
     348   63.76   68.94   71.45   76.88   83.24   89.66   91.60   87.86   89.77   82.72   72.08   68.61
     354   64.30   69.79   71.81   76.55   83.25   90.99   92.37   87.96   90.30   82.45   72.98   69.21
     360   64.83   70.64   72.17   76.22   83.26   92.32   93.12   88.06   90.83   82.17   73.88   69.82
